[header]
width=128
height=32
tilewidth=21
tileheight=21
orientation=orthogonal

[tilesets]
tileset=spritesheet.png,21,21,0,0
tileset=spritesheet.png,21,21,0,0

[layer]
type=Tile Layer 1
data=
1229,1229,1229,1229,1229,1229,1229,1229,1229,1229,1229,1229,1229,1229,1229,1229,1229,1229,1229,1229,1229,1229,1229,1229,1229,1229,1229,1229,1229,1229,1229,1229,1229,1229,1229,1229,1229,1229,1229,1229,1229,1229,1229,1229,1229,1229,1229,1229,1229,1229,1229,1229,1229,1229,1229,1229,1229,1229,1229,1229,1229,1229,1229,1229,1229,1229,1229,1229,1229,1229,1229,1229,1229,1229,1229,1229,1229,1229,1229,1229,1229,1229,1229,1229,1229,1229,1229,1229,1229,1229,1229,1229,1229,1229,1229,1229,1229,1229,1229,1229,1229,1229,1229,1229,1229,1229,1229,1229,1229,1229,1229,1229,1229,1229,1229,1229,1229,1229,1229,1229,1229,1229,1229,1229,1229,1229,1229,1229,
1229,1229,1229,1229,1229,1229,1229,1229,1229,1229,1229,1229,1229,1229,1229,1229,1229,1229,1229,1229,1229,1229,1229,1229,1229,1229,1229,1229,1229,1229,1229,1229,1229,1229,1229,1229,1229,1229,1229,1229,1229,1229,1229,1229,1229,1229,1229,1229,1229,1229,1229,1229,1229,1229,1229,1229,1229,1229,1229,1229,1229,1229,1229,1229,1229,1229,1229,1229,1229,1229,1229,1229,1229,1229,1229,1229,1229,1229,1229,1229,1229,1229,1229,1229,1229,1229,1229,1229,1229,1229,1229,1229,1229,1229,1229,1229,1229,1229,1229,1229,1229,1229,1229,1229,1229,1229,1229,1229,1229,1229,1229,1229,1229,1229,1229,1229,1229,1229,1229,1229,1229,1229,1229,1229,1229,1229,1229,1229,
1229,1229,1229,1229,1229,1229,1229,1229,1229,1229,1229,1229,1229,1229,1229,1229,1229,1229,1229,1229,1229,1229,1229,1229,1229,1229,1229,1229,1229,1229,1229,1229,1229,1229,1229,1229,1229,1229,1229,1229,1229,1229,1229,1229,1229,1229,1229,1229,1229,1229,1229,1229,1229,1229,1229,1229,1229,1229,1229,1229,1229,1229,1229,1229,1229,1229,1229,1229,1229,1229,1229,1229,1229,1229,1229,1229,1229,1229,1229,1229,1229,1229,1229,1229,1229,1229,1229,1229,1229,1229,1229,1229,1229,1229,1229,1229,1229,1229,1229,1229,1229,1229,1229,1229,1229,1229,1229,1229,1229,1229,1229,1229,1229,1229,1229,1229,1229,1229,1229,1229,1229,1229,1229,1229,1229,1229,1229,1229,
1229,1229,1229,1229,1229,1229,1229,1229,1229,1229,1229,1229,1229,1229,1229,1229,1229,1229,1229,1229,1229,1229,1229,1229,1229,1229,1229,1229,1229,1229,1229,1229,1229,1229,1229,1229,1229,1229,1229,1229,1229,1229,1229,1229,1229,1229,1229,1229,1229,1229,1229,1229,1229,1229,1229,1229,1229,1229,1229,1229,1229,1229,1229,1229,1229,1229,1229,1229,1229,1229,1229,1229,1229,1229,1229,1229,1229,1229,1229,1229,1229,1229,1229,1229,1229,1229,1229,1229,1229,1229,1229,1229,1229,1229,1229,1229,1229,1229,1229,1229,1229,1229,1229,1229,1229,1229,1229,1229,1229,1229,1229,1229,1229,1229,1229,1229,1229,1229,1229,1229,1229,1229,1229,1229,1229,1229,1229,1229,
1229,1229,1229,1229,1229,1229,1229,1229,1229,1229,1229,1229,1229,1229,1229,1229,1229,1229,1229,1229,1229,1229,1229,1229,1229,1229,1229,1229,1229,1229,1229,1229,1229,1229,1229,1229,1229,1229,1229,1229,1229,1229,1229,1229,1229,1229,1229,1229,1229,1229,1229,1229,1229,1229,1229,1229,1229,1229,1229,1229,1229,1229,1229,1229,1229,1229,1229,1229,1229,1229,1229,1229,1229,1229,1229,1229,1229,1229,1229,1229,1229,1229,1229,1229,1229,1229,1229,1229,1229,1229,1229,1229,1229,1229,1229,1229,1229,1229,1229,1229,1229,1229,1229,1229,1229,1229,1229,1229,1229,1229,1229,1229,1229,1229,1229,1229,1229,1229,1229,1229,1229,1229,1229,1229,1229,1229,1229,1229,
1229,1229,1229,1229,1229,1229,1229,1229,1229,1229,1229,1229,1229,1229,1229,1229,1229,1229,1229,1229,1229,1229,1229,1229,1229,1229,1229,1229,1229,1229,1229,1229,1229,1229,1229,1229,1229,1229,1229,1229,1229,1229,1229,1229,1229,1229,1229,1229,1229,1229,1229,1229,1229,1229,1229,1229,1229,1229,1229,1229,1229,1229,1229,1229,1229,1229,1229,1229,1229,1229,1229,1229,1229,1229,1229,1229,1229,1229,1229,1229,1229,1229,1229,1229,1229,1229,1229,1229,1229,1229,1229,1229,1229,1229,1229,1229,1229,1229,1229,1229,1229,1229,1229,1229,1229,1229,1229,1229,1229,1229,1229,1229,1229,1229,1229,1229,1229,1229,1229,1229,1229,1229,1229,1229,1229,1229,1229,1229,
1229,1229,1229,1229,1229,1229,1229,1229,1229,1229,1229,1229,1229,1229,1229,1229,1229,1229,1229,1229,1229,1229,1229,1229,1229,1229,1229,1229,1229,1229,1229,1229,1229,1229,1229,1229,1229,1229,1229,1229,1229,1229,1229,1229,1229,1229,1229,1229,1229,1229,1229,1229,1229,1229,1229,1229,1229,1229,1229,1229,1229,1229,1229,1229,1229,1229,1229,1229,1229,1229,1229,1229,1229,1229,1229,1229,1229,1229,1229,1229,1229,1229,1229,1229,1229,1229,1229,1229,1229,1229,1229,1229,1229,1229,1229,1229,1229,1229,1229,1229,1229,1229,1229,1229,1229,1229,1229,1229,1229,1229,1229,1229,1229,1229,1229,1229,1229,1229,1229,1229,1229,1229,1229,1229,1229,1229,1229,1229,
1229,1229,1229,1229,1229,1229,1229,1229,1229,1229,1229,1229,1229,1229,1229,1229,1229,1229,1229,1229,1229,1229,1229,1229,1229,1229,1229,1229,1229,1229,1229,1229,1229,1229,1229,1229,1229,1229,1229,1229,1229,1229,1229,1229,1229,1229,1229,1229,1229,1229,1229,1229,1229,1229,1229,1229,1229,1229,1229,1229,1229,1229,1229,1229,1229,1229,1229,1229,1229,1229,1229,1229,1229,1229,1229,1229,1229,1229,1229,1229,1229,1229,1229,1229,1229,1229,1229,1229,1229,1229,1229,1229,1229,1229,1229,1229,1229,1229,1229,1229,1229,1229,1229,1229,1229,1229,1229,1229,1229,1229,1229,1229,1229,1229,1229,1229,1229,1229,1229,1229,1229,1229,1229,1229,1229,1229,1229,1229,
1229,1229,1229,1229,1229,1229,1229,1229,1229,1229,1229,1229,1229,1229,1229,1229,1229,1229,1229,1229,1229,1229,1229,1229,1229,1229,1229,1229,1229,1229,1229,1229,1229,1229,1229,1229,1229,1229,1229,1229,1229,1229,1229,1229,1229,1229,1229,1229,1229,1229,1229,1229,1229,1229,1229,1229,1229,1229,1229,1229,1229,1229,1229,1229,1229,1229,1229,1229,1229,1229,1229,1229,1229,1229,1229,1229,1229,1229,1229,1229,1229,1229,1229,1229,1229,1229,1229,1229,1229,1229,1229,1229,1229,1229,1229,1229,1229,1229,1229,1229,1229,1229,1229,1229,1229,1229,1229,1229,1229,1229,1229,1229,1229,1229,1229,1229,1229,1229,1229,1229,1229,1229,1229,1229,1229,1229,1229,1229,
1229,1229,1229,1229,1229,1229,1229,1229,1229,1229,1229,1229,1229,1229,1229,1229,1229,1229,1229,1229,1229,1229,1229,1229,1229,1229,1229,1229,1229,1229,1229,1229,1229,1229,1229,1229,1229,1229,1229,1229,1229,1229,1229,1229,1229,1229,1229,1229,1229,1229,1229,1229,1229,1229,1229,1229,1229,1229,1229,1229,1229,1229,1229,1229,1229,1229,1229,1229,1229,1229,1229,1229,1229,1229,1229,1229,1229,1229,1229,1229,1229,1229,1229,1229,1229,1229,1229,1229,1229,1229,1229,1229,1229,1229,1229,1229,1229,1229,1229,1229,1229,1229,1229,1229,1229,1229,1229,1229,1229,1229,1229,1229,1229,1229,1229,1229,1229,1229,1229,1229,1229,1229,1229,1229,1229,1229,1229,1229,
1229,1229,1229,1229,1229,1229,1229,1229,1229,1229,1229,1229,1229,1229,1229,1229,1229,1229,1229,1229,1229,1229,1229,1229,1229,1229,1229,1229,1229,1229,1229,1229,1229,1229,1229,1229,1229,1229,1229,1229,1229,1229,1229,1229,1229,1229,1229,1229,1229,1229,1229,1229,1229,1229,1229,1229,1229,1229,1229,1229,1229,1229,1229,1229,1229,1229,1229,1229,1229,1229,1229,1229,1229,1229,1229,1229,1229,1229,1229,1229,1229,1229,1229,1229,1229,1229,1229,1229,1229,1229,1229,1229,1229,1229,1229,1229,1229,1229,1229,1229,1229,1229,1229,1229,1229,1229,1229,1229,1229,1229,1229,1229,1229,1229,1229,1229,1229,1229,1229,1229,1229,1229,1229,1229,1229,1229,1229,1229,
1148,1148,1148,1148,1148,1148,1148,1148,1148,1148,1229,1229,1229,1229,1229,1229,1229,1229,1229,1229,1229,1229,1229,1229,1229,1229,1229,1229,1229,1229,1229,1229,1229,1229,1229,1229,1229,1229,1229,1229,1229,1229,1229,1229,1229,1229,1229,1229,1229,1229,1229,1229,1229,1229,1229,1229,1229,1229,1229,1229,1229,1229,1229,1229,1229,1229,1229,1229,1229,1229,1229,1229,1229,1229,1229,1229,1229,1229,1229,1229,1229,1229,1229,1229,1229,1229,1229,1229,1229,1229,1229,1229,1229,1229,1229,1229,1229,1229,1229,1229,1229,1229,1229,1229,1229,1229,1229,1229,1229,1229,1229,1229,1229,1229,1229,1229,1229,1229,1229,1229,1229,1229,1229,1229,1229,1229,1229,1229,
1177,1177,1177,1177,1177,1177,1177,1177,1177,1177,1229,1229,1229,1229,1229,1229,1229,1229,1229,1229,1229,1229,1229,1229,1229,1229,1229,1229,1229,1229,1229,1229,1229,1229,1229,1229,1229,1229,1229,1229,1229,1229,1229,1229,1229,1229,1229,1229,1229,1229,1229,1229,1229,1229,1229,1229,1229,1229,1229,1229,1229,1229,1229,1229,1229,1229,1229,1229,1229,1229,1229,1229,1229,1229,1229,1229,1229,1229,1229,1229,1229,1229,1229,1229,1229,1229,1229,1229,1229,1229,1229,1229,1229,1229,1229,1229,1229,1229,1229,1229,1229,1229,1229,1229,1229,1229,1229,1229,1229,1229,1229,1229,1229,1229,1229,1229,1229,1229,1229,1229,1229,1229,1229,1229,1229,1229,1229,1229,
1177,1177,1177,1177,1177,1177,1177,1177,1177,1177,1229,1229,1229,1229,1229,1229,1229,1229,1229,1229,1229,1229,1229,1229,1229,1229,1229,1229,1229,1229,1229,1229,1229,1229,1229,1229,1229,1229,1229,1229,1229,1229,1229,1229,1229,1229,1229,1229,1229,1229,1229,1229,1229,1229,1229,1229,1229,1229,1229,1229,1229,1229,1229,1229,1229,1229,1229,1229,1229,1229,1229,1229,1229,1229,1229,1229,1229,1229,1229,1229,1229,1229,1229,1229,1229,1229,1229,1229,1229,1229,1229,1229,1229,1229,1229,1229,1229,1229,1229,1229,1229,1229,1229,1229,1229,1229,1229,1229,1229,1229,1229,1229,1229,1229,1229,1229,1229,1229,1229,1229,1229,1229,1229,1229,1229,1229,1229,1229,
1177,1177,1177,1177,1177,1177,1177,1177,1177,1177,1229,1229,1229,1229,1229,1229,1229,1229,1229,1229,1229,1229,1229,1229,1229,1229,1229,1229,1229,1229,1229,1229,1229,1229,1229,1229,1229,1229,1229,1229,1229,1229,1229,1229,1229,1229,1229,1229,1229,1229,1229,1229,1229,1229,1229,1229,1229,1229,1229,1229,1229,1229,1229,1229,1229,1229,1229,1229,1229,1229,1229,1229,1229,1229,1229,1229,1229,1229,1229,1229,1229,1229,1229,1229,1229,1229,1229,1229,1229,1229,1229,1229,1229,1229,1229,1229,1229,1229,1229,1229,1229,1229,1229,1229,1229,1229,1229,1229,1229,1229,1229,1229,1229,1229,1229,1229,1229,1229,1229,1229,1229,1229,1229,1229,1229,1229,1229,1229,
1177,1177,1177,1177,1177,1177,1177,1177,1177,1177,1229,1229,1229,1229,1229,1229,1229,1229,1229,1229,1229,1229,1229,1229,1229,1229,1229,1229,1229,1229,1229,1229,1229,1229,1229,1229,1229,1229,1229,1229,1229,1229,1229,1229,1229,1229,1229,1229,1229,1229,1229,1229,1229,1229,1229,1229,1229,1229,1229,1229,1229,1229,1229,1229,1229,1229,1229,1229,1229,1229,1229,1229,1229,1229,1229,1229,1229,1229,1229,1229,1229,1229,1229,1229,1229,1229,1229,1229,1229,1229,1229,1229,1229,1229,1229,1229,1229,1229,1229,1229,1229,1229,1229,1229,1229,1229,1229,1229,1229,1229,1229,1229,1229,1229,1229,1229,1229,1229,1229,1229,1229,1229,1229,1229,1229,1229,1229,1229,
1177,1177,1177,1177,1177,1177,1177,1177,1177,1177,1149,1149,1149,1149,1149,1149,1149,1149,1149,1149,1149,1149,1149,1149,1149,1149,1149,1149,1149,1149,1149,1149,1149,1149,1149,1149,1149,1149,1149,1149,1149,1149,1149,1149,1149,1149,1149,1149,1149,1149,1149,1149,1149,1149,1149,1149,1149,1149,1149,1149,1149,1149,1149,1149,1149,1149,1149,1149,1149,1149,1149,1149,1149,1149,1149,1149,1149,1149,1149,1149,1149,1149,1149,1149,1149,1149,1149,1149,1149,1149,1149,1149,1149,1149,1149,1149,1149,1149,1149,1149,1149,1149,1149,1149,1149,1149,1149,1149,1149,1149,1149,1149,1149,1149,1149,1149,1149,1149,1149,1149,1149,1149,1149,1149,1149,1149,1149,1149,
1179,1179,1179,1179,1179,1179,1179,1179,1179,1179,1179,1179,1179,1179,1179,1179,1179,1179,1179,1179,1179,1179,1179,1179,1179,1179,1179,1179,1179,1179,1179,1179,1179,1179,1179,1179,1179,1179,1179,1179,1179,1179,1179,1179,1179,1179,1179,1179,1179,1179,1179,1179,1179,1179,1179,1179,1179,1179,1179,1179,1179,1179,1179,1179,1179,1179,1179,1179,1179,1179,1179,1179,1179,1179,1179,1179,1179,1179,1179,1179,1179,1179,1179,1179,1179,1179,1179,1179,1179,1179,1179,1179,1179,1179,1179,1179,1179,1179,1179,1179,1179,1179,1179,1179,1179,1179,1179,1179,1179,1179,1179,1179,1179,1179,1179,1179,1179,1179,1179,1179,1179,1179,1179,1179,1179,1179,1179,1179,
1179,1179,1179,1179,1179,1179,1179,1179,1179,1179,1179,1179,1179,1179,1179,1179,1179,1179,1179,1179,1179,1179,1179,1179,1179,1179,1179,1179,1179,1179,1179,1179,1179,1179,1179,1179,1179,1179,1179,1179,1179,1179,1179,1179,1179,1179,1179,1179,1179,1179,1179,1179,1179,1179,1179,1179,1179,1179,1179,1179,1179,1179,1179,1179,1179,1179,1179,1179,1179,1179,1179,1179,1179,1179,1179,1179,1179,1179,1179,1179,1179,1179,1179,1179,1179,1179,1179,1179,1179,1179,1179,1179,1179,1179,1179,1179,1179,1179,1179,1179,1179,1179,1179,1179,1179,1179,1179,1179,1179,1179,1179,1179,1179,1179,1179,1179,1179,1179,1179,1179,1179,1179,1179,1179,1179,1179,1179,1179,
1179,1179,1179,1179,1179,1179,1179,1179,1179,1179,1179,1179,1179,1179,1179,1179,1179,1179,1179,1179,1179,1179,1179,1179,1179,1179,1179,1179,1179,1179,1179,1179,1179,1179,1179,1179,1179,1179,1179,1179,1179,1179,1179,1179,1179,1179,1179,1179,1179,1179,1179,1179,1179,1179,1179,1179,1179,1179,1179,1179,1179,1179,1179,1179,1179,1179,1179,1179,1179,1179,1179,1179,1179,1179,1179,1179,1179,1179,1179,1179,1179,1179,1179,1179,1179,1179,1179,1179,1179,1179,1179,1179,1179,1179,1179,1179,1179,1179,1179,1179,1179,1179,1179,1179,1179,1179,1179,1179,1179,1179,1179,1179,1179,1179,1179,1179,1179,1179,1179,1179,1179,1179,1179,1179,1179,1179,1179,1179,
1179,1179,1179,1179,1179,1179,1179,1179,1179,1179,1179,1179,1179,1179,1179,1179,1179,1179,1179,1179,1179,1179,1179,1179,1179,1179,1179,1179,1179,1179,1179,1179,1179,1179,1179,1179,1179,1179,1179,1179,1179,1179,1179,1179,1179,1179,1179,1179,1179,1179,1179,1179,1179,1179,1179,1179,1179,1179,1179,1179,1179,1179,1179,1179,1179,1179,1179,1179,1179,1179,1179,1179,1179,1179,1179,1179,1179,1179,1179,1179,1179,1179,1179,1179,1179,1179,1179,1179,1179,1179,1179,1179,1179,1179,1179,1179,1179,1179,1179,1179,1179,1179,1179,1179,1179,1179,1179,1179,1179,1179,1179,1179,1179,1179,1179,1179,1179,1179,1179,1179,1179,1179,1179,1179,1179,1179,1179,1179,
1179,1179,1179,1179,1179,1179,1179,1179,1179,1179,1179,1179,1179,1179,1179,1179,1179,1179,1179,1179,1179,1179,1179,1179,1179,1179,1179,1179,1179,1179,1179,1179,1179,1179,1179,1179,1179,1179,1179,1179,1179,1179,1179,1179,1179,1179,1179,1179,1179,1179,1179,1179,1179,1179,1179,1179,1179,1179,1179,1179,1179,1179,1179,1179,1179,1179,1179,1179,1179,1179,1179,1179,1179,1179,1179,1179,1179,1179,1179,1179,1179,1179,1179,1179,1179,1179,1179,1179,1179,1179,1179,1179,1179,1179,1179,1179,1179,1179,1179,1179,1179,1179,1179,1179,1179,1179,1179,1179,1179,1179,1179,1179,1179,1179,1179,1179,1179,1179,1179,1179,1179,1179,1179,1179,1179,1179,1179,1179,
1179,1179,1179,1179,1179,1179,1179,1179,1179,1179,1179,1179,1179,1179,1179,1179,1179,1179,1179,1179,1179,1179,1179,1179,1179,1179,1179,1179,1179,1179,1179,1179,1179,1179,1179,1179,1179,1179,1179,1179,1179,1179,1179,1179,1179,1179,1179,1179,1179,1179,1179,1179,1179,1179,1179,1179,1179,1179,1179,1179,1179,1179,1179,1179,1179,1179,1179,1179,1179,1179,1179,1179,1179,1179,1179,1179,1179,1179,1179,1179,1179,1179,1179,1179,1179,1179,1179,1179,1179,1179,1179,1179,1179,1179,1179,1179,1179,1179,1179,1179,1179,1179,1179,1179,1179,1179,1179,1179,1179,1179,1179,1179,1179,1179,1179,1179,1179,1179,1179,1179,1179,1179,1179,1179,1179,1179,1179,1179,
1179,1179,1179,1179,1179,1179,1179,1179,1179,1179,1179,1179,1179,1179,1179,1179,1179,1179,1179,1179,1179,1179,1179,1179,1179,1179,1179,1179,1179,1179,1179,1179,1179,1179,1179,1179,1179,1179,1179,1179,1179,1179,1179,1179,1179,1179,1179,1179,1179,1179,1179,1179,1179,1179,1179,1179,1179,1179,1179,1179,1179,1179,1179,1179,1179,1179,1179,1179,1179,1179,1179,1179,1179,1179,1179,1179,1179,1179,1179,1179,1179,1179,1179,1179,1179,1179,1179,1179,1179,1179,1179,1179,1179,1179,1179,1179,1179,1179,1179,1179,1179,1179,1179,1179,1179,1179,1179,1179,1179,1179,1179,1179,1179,1179,1179,1179,1179,1179,1179,1179,1179,1179,1179,1179,1179,1179,1179,1179,
1179,1179,1179,1179,1179,1179,1179,1179,1179,1179,1179,1179,1179,1179,1179,1179,1179,1179,1179,1179,1179,1179,1179,1179,1179,1179,1179,1179,1179,1179,1179,1179,1179,1179,1179,1179,1179,1179,1179,1179,1179,1179,1179,1179,1179,1179,1179,1179,1179,1179,1179,1179,1179,1179,1179,1179,1179,1179,1179,1179,1179,1179,1179,1179,1179,1179,1179,1179,1179,1179,1179,1179,1179,1179,1179,1179,1179,1179,1179,1179,1179,1179,1179,1179,1179,1179,1179,1179,1179,1179,1179,1179,1179,1179,1179,1179,1179,1179,1179,1179,1179,1179,1179,1179,1179,1179,1179,1179,1179,1179,1179,1179,1179,1179,1179,1179,1179,1179,1179,1179,1179,1179,1179,1179,1179,1179,1179,1179,
1179,1179,1179,1179,1179,1179,1179,1179,1179,1179,1179,1179,1179,1179,1179,1179,1179,1179,1179,1179,1179,1179,1179,1179,1179,1179,1179,1179,1179,1179,1179,1179,1179,1179,1179,1179,1179,1179,1179,1179,1179,1179,1179,1179,1179,1179,1179,1179,1179,1179,1179,1179,1179,1179,1179,1179,1179,1179,1179,1179,1179,1179,1179,1179,1179,1179,1179,1179,1179,1179,1179,1179,1179,1179,1179,1179,1179,1179,1179,1179,1179,1179,1179,1179,1179,1179,1179,1179,1179,1179,1179,1179,1179,1179,1179,1179,1179,1179,1179,1179,1179,1179,1179,1179,1179,1179,1179,1179,1179,1179,1179,1179,1179,1179,1179,1179,1179,1179,1179,1179,1179,1179,1179,1179,1179,1179,1179,1179,
1179,1179,1179,1179,1179,1179,1179,1179,1179,1179,1179,1179,1179,1179,1179,1179,1179,1179,1179,1179,1179,1179,1179,1179,1179,1179,1179,1179,1179,1179,1179,1179,1179,1179,1179,1179,1179,1179,1179,1179,1179,1179,1179,1179,1179,1179,1179,1179,1179,1179,1179,1179,1179,1179,1179,1179,1179,1179,1179,1179,1179,1179,1179,1179,1179,1179,1179,1179,1179,1179,1179,1179,1179,1179,1179,1179,1179,1179,1179,1179,1179,1179,1179,1179,1179,1179,1179,1179,1179,1179,1179,1179,1179,1179,1179,1179,1179,1179,1179,1179,1179,1179,1179,1179,1179,1179,1179,1179,1179,1179,1179,1179,1179,1179,1179,1179,1179,1179,1179,1179,1179,1179,1179,1179,1179,1179,1179,1179,
1179,1179,1179,1179,1179,1179,1179,1179,1179,1179,1179,1179,1179,1179,1179,1179,1179,1179,1179,1179,1179,1179,1179,1179,1179,1179,1179,1179,1179,1179,1179,1179,1179,1179,1179,1179,1179,1179,1179,1179,1179,1179,1179,1179,1179,1179,1179,1179,1179,1179,1179,1179,1179,1179,1179,1179,1179,1179,1179,1179,1179,1179,1179,1179,1179,1179,1179,1179,1179,1179,1179,1179,1179,1179,1179,1179,1179,1179,1179,1179,1179,1179,1179,1179,1179,1179,1179,1179,1179,1179,1179,1179,1179,1179,1179,1179,1179,1179,1179,1179,1179,1179,1179,1179,1179,1179,1179,1179,1179,1179,1179,1179,1179,1179,1179,1179,1179,1179,1179,1179,1179,1179,1179,1179,1179,1179,1179,1179,
1179,1179,1179,1179,1179,1179,1179,1179,1179,1179,1179,1179,1179,1179,1179,1179,1179,1179,1179,1179,1179,1179,1179,1179,1179,1179,1179,1179,1179,1179,1179,1179,1179,1179,1179,1179,1179,1179,1179,1179,1179,1179,1179,1179,1179,1179,1179,1179,1179,1179,1179,1179,1179,1179,1179,1179,1179,1179,1179,1179,1179,1179,1179,1179,1179,1179,1179,1179,1179,1179,1179,1179,1179,1179,1179,1179,1179,1179,1179,1179,1179,1179,1179,1179,1179,1179,1179,1179,1179,1179,1179,1179,1179,1179,1179,1179,1179,1179,1179,1179,1179,1179,1179,1179,1179,1179,1179,1179,1179,1179,1179,1179,1179,1179,1179,1179,1179,1179,1179,1179,1179,1179,1179,1179,1179,1179,1179,1179,
1179,1179,1179,1179,1179,1179,1179,1179,1179,1179,1179,1179,1179,1179,1179,1179,1179,1179,1179,1179,1179,1179,1179,1179,1179,1179,1179,1179,1179,1179,1179,1179,1179,1179,1179,1179,1179,1179,1179,1179,1179,1179,1179,1179,1179,1179,1179,1179,1179,1179,1179,1179,1179,1179,1179,1179,1179,1179,1179,1179,1179,1179,1179,1179,1179,1179,1179,1179,1179,1179,1179,1179,1179,1179,1179,1179,1179,1179,1179,1179,1179,1179,1179,1179,1179,1179,1179,1179,1179,1179,1179,1179,1179,1179,1179,1179,1179,1179,1179,1179,1179,1179,1179,1179,1179,1179,1179,1179,1179,1179,1179,1179,1179,1179,1179,1179,1179,1179,1179,1179,1179,1179,1179,1179,1179,1179,1179,1179,
1179,1179,1179,1179,1179,1179,1179,1179,1179,1179,1179,1179,1179,1179,1179,1179,1179,1179,1179,1179,1179,1179,1179,1179,1179,1179,1179,1179,1179,1179,1179,1179,1179,1179,1179,1179,1179,1179,1179,1179,1179,1179,1179,1179,1179,1179,1179,1179,1179,1179,1179,1179,1179,1179,1179,1179,1179,1179,1179,1179,1179,1179,1179,1179,1179,1179,1179,1179,1179,1179,1179,1179,1179,1179,1179,1179,1179,1179,1179,1179,1179,1179,1179,1179,1179,1179,1179,1179,1179,1179,1179,1179,1179,1179,1179,1179,1179,1179,1179,1179,1179,1179,1179,1179,1179,1179,1179,1179,1179,1179,1179,1179,1179,1179,1179,1179,1179,1179,1179,1179,1179,1179,1179,1179,1179,1179,1179,1179,
1179,1179,1179,1179,1179,1179,1179,1179,1179,1179,1179,1179,1179,1179,1179,1179,1179,1179,1179,1179,1179,1179,1179,1179,1179,1179,1179,1179,1179,1179,1179,1179,1179,1179,1179,1179,1179,1179,1179,1179,1179,1179,1179,1179,1179,1179,1179,1179,1179,1179,1179,1179,1179,1179,1179,1179,1179,1179,1179,1179,1179,1179,1179,1179,1179,1179,1179,1179,1179,1179,1179,1179,1179,1179,1179,1179,1179,1179,1179,1179,1179,1179,1179,1179,1179,1179,1179,1179,1179,1179,1179,1179,1179,1179,1179,1179,1179,1179,1179,1179,1179,1179,1179,1179,1179,1179,1179,1179,1179,1179,1179,1179,1179,1179,1179,1179,1179,1179,1179,1179,1179,1179,1179,1179,1179,1179,1179,1179

[ObjectsLayer]
# Player
type=Player
location=7,11,1,1

